4.270665512570527289e-01 5.141049225717927440e-01 3.777478669852522009e-01 4.020312531029335834e-01
3.375786298914759676e-01 3.497825660844981754e-02 3.294044620383621003e-01 3.831917469338059767e-01
3.655878121272090331e-01 4.229135300912170714e-01 3.507719911814546343e-01 3.724128435888431898e-01
2.981994771533222344e-01 1.094747300405808504e-01 2.945744170854732724e-01 3.350505181442887115e-01
5.233553433283378853e-01 6.439697184848809375e-01 1.173844948361586760e-01 3.667836663075166315e-01
0.000000000000000000e+00 0.000000000000000000e+00 0.000000000000000000e+00 0.000000000000000000e+00
1.743139352380704832e-01 6.059538849691873397e-01 1.844433125673023699e-01 2.493489645050230019e-01
0.000000000000000000e+00 0.000000000000000000e+00 0.000000000000000000e+00 0.000000000000000000e+00
4.892840349716177095e-01 9.519499893662884682e-02 7.149576855425372468e-01 5.533215371338759958e-01
5.705864990306154239e-01 8.933191410552556722e-01 7.093417371895075485e-01 2.964371330801120474e-01
5.880377187862720900e-01 8.367971591098666284e-01 7.860090221462252835e-02 4.357981284992920035e-01
0.000000000000000000e+00 0.000000000000000000e+00 0.000000000000000000e+00 0.000000000000000000e+00
0.000000000000000000e+00 0.000000000000000000e+00 0.000000000000000000e+00 0.000000000000000000e+00
1.691719577365332905e-01 7.658595785584755289e-01 9.069523033767431519e-01 7.218046725824385224e-01
8.750166694816357005e-01 8.922675769993694272e-01 9.621421092244772932e-01 7.368540055981583903e-01
0.000000000000000000e+00 0.000000000000000000e+00 0.000000000000000000e+00 0.000000000000000000e+00
