6.283848761340949940e-01 6.933255224504324410e-01 5.958116940710934673e-01 6.204351371282941230e-01
5.437738204747887272e-01 1.216711102876617823e-01 4.679233904562888902e-01 6.209676027272599264e-01
5.673768365300922989e-01 5.493034918660846255e-01 5.513650044685893814e-01 5.494704171423239192e-01
4.752597366384883060e-01 1.310246284397089955e-01 5.040427441079416981e-01 5.373437574063520961e-01
7.201451892439576508e-01 6.605798550840904504e-01 3.622860533902519942e-01 5.459682310050034681e-01
0.000000000000000000e+00 0.000000000000000000e+00 0.000000000000000000e+00 0.000000000000000000e+00
1.371585621302920943e-01 4.871621263886404263e-01 1.909139645793428153e-01 3.155369759496425841e-01
0.000000000000000000e+00 0.000000000000000000e+00 0.000000000000000000e+00 0.000000000000000000e+00
5.593965181626755490e-01 1.730173941056487030e-01 8.440588179746216779e-01 6.346033405369185809e-01
6.840717289611657481e-01 9.361398505525536651e-01 6.285152022214973710e-01 2.230947102527941761e-01
8.552765596416203042e-01 6.821718524818320972e-01 6.709308702995642193e-02 5.895334422416729225e-01
0.000000000000000000e+00 0.000000000000000000e+00 0.000000000000000000e+00 0.000000000000000000e+00
0.000000000000000000e+00 0.000000000000000000e+00 0.000000000000000000e+00 0.000000000000000000e+00
1.697743418151681782e-01 9.142811324678392637e-01 9.746894331112497811e-01 8.058101625802142065e-01
9.361377466177995821e-01 9.458237633970537628e-01 9.886753567685412358e-01 8.798239978263033834e-01
0.000000000000000000e+00 0.000000000000000000e+00 0.000000000000000000e+00 0.000000000000000000e+00
